clock = 0,1,120,4,1,1,1,50
cv0 = 0,0,0,0,0,100
cv1 = 0,0,0,0,0,100
cv2 = 0,0,0,0,0,100
cv3 = 0,0,0,0,0,100
cv4 = 0,0,0,0,0,100
cv5 = 0,0,0,0,0,100
cv6 = 0,0,0,0,0,100
cv7 = 0,0,0,0,0,100
cv8 = 0,0,0,0,0,100
cv9 = 0,0,0,0,0,100
C0 = 0,0,1,1,50,0,OR
C0.P0 = 0,100,128,19,8,1,3,4
C0.P1 = 1,100,8,1,0,1,1,1
C0.P2 = 1,100,256,24,0,1,4,7
C0.P3 = 1,100,4,1,0,1,1,1
C0.P4 = 1,100,4,1,0,1,1,1
C0.P5 = 1,100,4,1,0,1,1,1
C0.P6 = 1,100,4,1,0,1,1,1
C0.P7 = 1,100,4,1,0,1,1,1
C1 = 0,0,1,1,50,0,OR
C1.P0 = 0,100,256,58,0,1,2,4
C1.P1 = 0,100,256,12,26,1,4,6
C1.P2 = 0,64,128,9,0,3,7,4
C1.P3 = 1,100,4,1,0,1,1,1
C1.P4 = 1,100,4,1,0,1,1,1
C1.P5 = 1,100,4,1,0,1,1,1
C1.P6 = 1,100,4,1,0,1,1,1
C1.P7 = 1,100,4,1,0,1,1,1
C2 = 0,0,1,1,50,0,OR
C2.P0 = 0,100,4,3,0,1,1,1
C2.P1 = 1,100,4,1,0,1,1,1
C2.P2 = 1,100,4,1,0,1,1,1
C2.P3 = 1,100,4,1,0,1,1,1
C2.P4 = 1,100,4,1,0,1,1,1
C2.P5 = 1,100,4,1,0,1,1,1
C2.P6 = 1,100,4,1,0,1,1,1
C2.P7 = 1,100,4,1,0,1,1,1
C3 = 0,0,1,1,50,0,OR
C3.P0 = 0,100,16,0,0,1,1,1
C3.P1 = 1,100,16,1,0,1,1,1
C3.P2 = 1,100,4,1,0,1,1,1
C3.P3 = 1,100,4,1,0,1,1,1
C3.P4 = 1,100,4,1,0,1,1,1
C3.P5 = 1,100,4,1,0,1,1,1
C3.P6 = 1,100,4,1,0,1,1,1
C3.P7 = 1,100,4,1,0,1,1,1
C4 = 0,0,1,1,50,0,OR
C4.P0 = 0,100,128,11,1,1,1,1
C4.P1 = 1,100,4,1,0,1,1,1
C4.P2 = 1,100,4,1,0,1,1,1
C4.P3 = 1,100,4,1,0,1,1,1
C4.P4 = 1,100,4,1,0,1,1,1
C4.P5 = 1,100,4,1,0,1,1,1
C4.P6 = 1,100,4,1,0,1,1,1
C4.P7 = 1,100,4,1,0,1,1,1
C5 = 0,0,1,1,50,0,OR
C5.P0 = 0,100,4,0,0,1,1,1
C5.P1 = 1,100,4,1,0,1,1,1
C5.P2 = 1,100,4,1,0,1,1,1
C5.P3 = 1,100,4,1,0,1,1,1
C5.P4 = 1,100,4,1,0,1,1,1
C5.P5 = 1,100,4,1,0,1,1,1
C5.P6 = 1,100,4,1,0,1,1,1
C5.P7 = 1,100,4,1,0,1,1,1
C6 = 0,0,1,1,50,0,OR
C6.P0 = 0,100,4,0,0,1,1,1
C6.P1 = 1,100,4,1,0,1,1,1
C6.P2 = 1,100,4,1,0,1,1,1
C6.P3 = 1,100,4,1,0,1,1,1
C6.P4 = 1,100,4,1,0,1,1,1
C6.P5 = 1,100,4,1,0,1,1,1
C6.P6 = 1,100,4,1,0,1,1,1
C6.P7 = 1,100,4,1,0,1,1,1
C7 = 0,0,1,1,50,0,OR
C7.P0 = 0,100,4,0,0,1,1,1
C7.P1 = 1,100,4,1,0,1,1,1
C7.P2 = 1,100,4,1,0,1,1,1
C7.P3 = 1,100,4,1,0,1,1,1
C7.P4 = 1,100,4,1,0,1,1,1
C7.P5 = 1,100,4,1,0,1,1,1
C7.P6 = 1,100,4,1,0,1,1,1
C7.P7 = 1,100,4,1,0,1,1,1
